10
15
6940
1.000000
0.100000
326.954627
0.0000 7.4720 0.7460 8.2990 4.1910 8.1190 9.5940 9.2120 7.6240 2.4860 
7.4720 0.0000 7.3400 2.2090 7.8500 0.6460 2.1250 1.7560 3.3940 6.7850 
0.7460 7.3400 0.0000 7.9760 4.8820 7.9830 9.4630 9.0940 7.1780 1.7650 
8.2990 2.2090 7.9760 0.0000 9.5620 2.1450 2.7630 2.6830 1.6690 6.9500 
4.1910 7.8500 4.8820 9.5620 0.0000 8.4060 9.6660 9.2600 9.6110 6.3670 
8.1190 0.6460 7.9830 2.1450 8.4060 0.0000 1.4800 1.1200 3.5710 7.3990 
9.5940 2.1250 9.4630 2.7630 9.6660 1.4800 0.0000 0.4080 4.4180 8.8480 
9.2120 1.7560 9.0940 2.6830 9.2600 1.1200 0.4080 0.0000 4.3020 8.5170 
7.6240 3.3940 7.1780 1.6690 9.6110 3.5710 4.4180 4.3020 0.0000 5.8880 
2.4860 6.7850 1.7650 6.9500 6.3670 7.3990 8.8480 8.5170 5.8880 0.0000 
480.2140 438.9210 783.8000 987.1030 492.3180 831.5470 910.0940 199.0170 682.3330 260.8960 454.6640 215.6510 912.3430 903.6290 700.3510 
732.0240 553.8290 991.2160 1450.4660 701.6180 846.4430 1396.0150 625.2300 1167.9190 402.5120 544.9240 486.6990 1373.1500 1091.7760 765.2450 
0 0 1 0 1 0 1 0 1 0 
1 1 1 0 0 1 1 1 0 1 
1 1 1 1 0 0 1 1 1 1 
1 1 0 1 1 1 1 1 1 0 
1 0 0 1 0 0 1 0 0 1 
1 1 1 1 1 0 1 0 0 1 
0 1 1 0 0 0 1 0 1 1 
0 1 1 0 0 0 0 1 1 0 
0 0 1 1 1 0 0 1 0 0 
1 1 0 1 0 0 0 1 1 0 
1 1 1 1 1 1 1 0 1 1 
0 1 1 0 0 1 1 1 1 1 
1 1 1 0 1 0 1 0 1 1 
0 1 1 1 1 1 0 1 1 0 
0 1 1 1 0 0 0 1 1 0 
