10
15
4277
1.000000
0.100000
308.344960
0.0000 1.6830 0.7000 2.1190 9.5230 9.6450 7.6830 9.4560 4.3340 9.2250 
1.6830 0.0000 1.9450 0.4670 7.8470 7.9750 6.8580 8.3740 3.1840 7.6510 
0.7000 1.9450 0.0000 2.3020 9.6310 9.8810 8.3290 10.0520 4.0660 9.1590 
2.1190 0.4670 2.3020 0.0000 7.4050 7.5810 6.8780 8.2900 2.8060 7.1840 
9.5230 7.8470 9.6310 7.4050 0.0000 1.8300 8.6890 8.0890 6.3820 2.3550 
9.6450 7.9750 9.8810 7.5810 1.8300 0.0000 7.3490 6.4600 7.2270 4.1450 
7.6830 6.8580 8.3290 6.8780 8.6890 7.3490 0.0000 2.2270 9.0250 10.2300 
9.4560 8.3740 10.0520 8.2900 8.0890 6.4600 2.2270 0.0000 9.9870 10.0080 
4.3340 3.1840 4.0660 2.8060 6.3820 7.2270 9.0250 9.9870 0.0000 5.3300 
9.2250 7.6510 9.1590 7.1840 2.3550 4.1450 10.2300 10.0080 5.3300 0.0000 
118.4650 501.9150 731.9490 711.6030 242.1690 882.6720 714.5300 849.1290 22.9500 733.6640 331.6230 657.9480 625.1950 709.1660 719.1780 
388.5640 787.5110 1171.1820 733.7140 505.1380 1007.6890 1025.0510 956.3520 127.1750 927.8840 802.3770 858.8090 948.4160 1126.3550 850.9270 
0 0 1 0 1 1 1 0 0 0 
0 1 0 1 0 1 1 0 0 1 
0 0 1 1 1 1 0 1 1 1 
1 1 0 0 1 1 0 1 1 0 
0 0 0 0 1 1 1 0 1 1 
0 1 1 1 1 1 1 1 0 1 
1 0 1 1 0 0 1 0 1 0 
1 0 1 1 1 0 1 0 1 1 
0 0 0 0 1 0 0 0 0 0 
1 1 1 0 1 1 0 1 1 1 
0 0 1 0 1 1 0 0 0 1 
1 1 1 1 0 0 0 1 1 0 
0 1 1 0 1 0 0 1 1 0 
1 1 1 0 0 1 1 1 1 0 
0 1 0 0 0 1 0 1 1 1 
