10
10
2326
1.000000
0.100000
70.344218
0.0000 1.9820 6.4590 4.0650 6.1910 10.4340 11.1870 6.0820 3.2080 3.6180 
1.9820 0.0000 7.4240 2.6070 4.5160 10.4710 10.9840 5.4250 1.2700 4.7720 
6.4590 7.4240 0.0000 6.9850 8.5230 5.4310 6.7240 5.3270 7.8830 2.8460 
4.0650 2.6070 6.9850 0.0000 2.1720 8.6610 8.9230 3.2360 1.7570 5.0300 
6.1910 4.5160 8.5230 2.1720 0.0000 8.9400 8.8450 3.6430 3.3430 6.9840 
10.4340 10.4710 5.4310 8.6610 8.9400 0.0000 1.4550 5.4770 10.2630 7.4360 
11.1870 10.9840 6.7240 8.9230 8.8450 1.4550 0.0000 5.6890 10.6140 8.4630 
6.0820 5.4250 5.3270 3.2360 3.6430 5.4770 5.6890 0.0000 4.9340 4.8010 
3.2080 1.2700 7.8830 1.7570 3.3430 10.2630 10.6140 4.9340 0.0000 5.4600 
3.6180 4.7720 2.8460 5.0300 6.9840 7.4360 8.4630 4.8010 5.4600 0.0000 
412.7450 508.1620 387.9210 381.0920 68.9640 862.3450 112.5260 960.8750 292.9310 662.7920 
646.5080 766.8210 569.1290 784.8000 403.6440 945.7010 311.2720 1287.3060 595.3080 670.6700 
1 1 1 1 0 1 0 1 1 1 
1 1 1 1 1 0 0 1 1 1 
1 0 1 0 0 0 1 1 1 1 
0 1 0 1 0 0 1 1 0 0 
1 0 0 1 1 0 0 0 0 0 
1 1 1 1 1 1 1 1 0 1 
1 0 1 1 1 0 1 1 0 0 
0 1 0 0 1 1 1 1 0 1 
0 0 1 1 0 0 1 0 0 0 
1 1 1 1 1 1 1 1 0 1 
