10
10
1382
1.000000
0.100000
65.396841
0.0000 5.5960 6.9580 3.0840 2.4660 7.2500 4.8280 7.3160 3.8850 8.7580 
5.5960 0.0000 3.4420 7.5030 3.1630 1.9270 1.0690 1.7340 4.5220 4.5570 
6.9580 3.4420 0.0000 7.4750 5.1810 2.5360 4.2960 3.8760 7.5250 1.8260 
3.0840 7.5030 7.4750 0.0000 4.9000 8.6980 7.0590 9.2010 6.9430 9.2600 
2.4660 3.1630 5.1810 4.9000 0.0000 4.9250 2.3640 4.8640 2.8200 6.8570 
7.2500 1.9270 2.5360 8.6980 4.9250 0.0000 2.9940 1.3920 6.4360 2.9370 
4.8280 1.0690 4.2960 7.0590 2.3640 2.9940 0.0000 2.5680 3.4550 5.5680 
7.3160 1.7340 3.8760 9.2010 4.8640 1.3920 2.5680 0.0000 5.7500 4.2800 
3.8850 4.5220 7.5250 6.9430 2.8200 6.4360 3.4550 5.7500 0.0000 8.9730 
8.7580 4.5570 1.8260 9.2600 6.8570 2.9370 5.5680 4.2800 8.9730 0.0000 
245.3880 766.5860 623.3560 583.6790 531.5580 465.5850 153.9730 378.6230 789.5780 986.7910 
396.9440 1137.3470 901.4280 962.7360 698.7670 792.3690 326.9850 400.6730 815.3870 1411.2950 
0 1 0 0 1 1 0 0 1 0 
1 0 0 1 0 1 1 0 0 1 
0 0 0 0 0 1 0 0 1 0 
0 0 1 1 0 0 1 0 0 0 
0 1 1 1 1 0 1 1 1 0 
0 0 0 0 0 1 0 1 0 0 
0 0 1 1 1 1 1 1 0 0 
1 1 1 1 0 1 1 1 1 1 
1 0 1 1 1 1 0 0 1 1 
1 1 0 0 0 0 0 1 0 1 
