10
10
2811
1.000000
0.100000
155.469937
0.0000 4.9290 2.4240 1.4050 0.6180 6.7030 3.5640 3.0950 5.4070 1.9920 
4.9290 0.0000 3.6350 4.3260 4.7840 3.4240 8.3160 6.9610 1.4240 2.9760 
2.4240 3.6350 0.0000 1.0920 1.9020 4.4110 5.8910 5.4620 3.5180 1.4220 
1.4050 4.3260 1.0920 0.0000 0.8290 5.4940 4.8010 4.4980 4.4640 1.4840 
0.6180 4.7840 1.9020 0.8290 0.0000 6.2680 3.9950 3.7030 5.1070 1.8090 
6.7030 3.4240 4.4110 5.4940 6.2680 0.0000 10.2540 9.4730 2.0050 4.8890 
3.5640 8.3160 5.8910 4.8010 3.9950 10.2540 0.0000 2.1970 8.9450 5.5130 
3.0950 6.9610 5.4620 4.4980 3.7030 9.4730 2.1970 0.0000 7.8650 4.5880 
5.4070 1.4240 3.5180 4.4640 5.1070 2.0050 8.9450 7.8650 0.0000 3.4320 
1.9920 2.9760 1.4220 1.4840 1.8090 4.8890 5.5130 4.5880 3.4320 0.0000 
358.7630 402.7070 170.0030 168.3250 210.9470 623.1890 519.7880 10.2500 850.5430 432.4330 
399.5410 634.9170 500.3820 489.9110 707.2090 1071.3280 815.0440 363.5680 968.9800 850.4390 
0 1 0 0 1 1 1 1 1 1 
1 0 0 1 1 0 1 1 1 0 
0 1 0 1 0 1 1 0 0 0 
1 0 0 0 1 0 0 1 0 0 
1 1 0 1 0 0 1 1 1 1 
0 1 0 1 0 1 0 1 0 1 
1 1 0 1 0 1 1 1 1 1 
0 0 0 0 0 1 0 0 1 1 
1 1 1 1 1 0 1 1 1 1 
0 0 1 0 1 1 1 1 1 1 
