10
5
742
1.000000
0.100000
156.691173
0.0000 8.2880 2.7740 4.7780 5.7870 8.0930 7.5190 9.1140 5.3330 8.2100 
8.2880 0.0000 6.3120 3.5900 3.8770 0.2030 4.5840 2.9600 8.4190 3.9660 
2.7740 6.3120 0.0000 2.7720 5.1130 6.1090 4.7570 6.5440 6.8040 5.4940 
4.7780 3.5900 2.7720 0.0000 3.0330 3.3880 3.8740 4.5490 6.4850 4.1190 
5.7870 3.8770 5.1130 3.0330 0.0000 3.7620 6.6230 6.3300 4.5430 6.5620 
8.0930 0.2030 6.1090 3.3880 3.7620 0.0000 4.4530 2.9350 8.2970 3.8660 
7.5190 4.5840 4.7570 3.8740 6.6230 4.4530 0.0000 2.6220 10.3470 1.0180 
9.1140 2.9600 6.5440 4.5490 6.3300 2.9350 2.6220 0.0000 10.6830 1.6290 
5.3330 8.4190 6.8040 6.4850 4.5430 8.2970 10.3470 10.6830 0.0000 10.5760 
8.2100 3.9660 5.4940 4.1190 6.5620 3.8660 1.0180 1.6290 10.5760 0.0000 
570.1540 49.4180 419.6850 151.2160 292.5120 
779.6100 264.2420 883.3500 418.2730 389.3600 
0 1 1 1 1 1 1 1 1 1 
1 0 1 0 0 1 0 0 0 0 
0 1 0 0 0 1 1 1 1 1 
0 1 0 1 0 1 0 0 1 1 
1 0 1 1 1 1 1 1 0 1 
