10
5
616
1.000000
0.100000
24.635752
0.0000 6.2430 0.4990 3.6490 3.3260 5.1110 5.0780 9.5980 9.4980 8.0970 
6.2430 0.0000 6.5980 6.9840 3.2760 5.0980 3.1090 6.6870 5.6010 8.1170 
0.4990 6.5980 0.0000 4.0480 3.7760 5.6070 5.5590 10.0960 9.9870 8.5640 
3.6490 6.9840 4.0480 0.0000 3.8470 2.8780 4.2820 7.2880 7.7480 4.7640 
3.3260 3.2760 3.7760 3.8470 0.0000 2.9650 1.9160 6.7340 6.3580 6.4090 
5.1110 5.0980 5.6070 2.8780 2.9650 0.0000 1.9920 4.6010 4.8870 3.4440 
5.0780 3.1090 5.5590 4.2820 1.9160 1.9920 0.0000 4.8390 4.4570 5.1410 
9.5980 6.6870 10.0960 7.2880 6.7340 4.6010 4.8390 0.0000 1.5770 3.9100 
9.4980 5.6010 9.9870 7.7480 6.3580 4.8870 4.4570 1.5770 0.0000 5.1870 
8.0970 8.1170 8.5640 4.7640 6.4090 3.4440 5.1410 3.9100 5.1870 0.0000 
331.5440 655.0240 529.1470 692.9000 254.8650 
366.6340 729.6050 688.4500 735.1500 429.5560 
1 1 1 1 1 0 1 1 0 1 
0 1 1 1 0 1 0 1 0 1 
1 1 1 1 0 1 1 1 1 0 
1 1 1 1 1 1 1 1 1 1 
0 1 0 0 0 0 0 0 0 0 
