10
5
600
1.000000
0.100000
59.929238
0.0000 2.5850 1.5680 4.8700 2.3020 5.7180 1.7720 4.4400 3.7160 4.2720 
2.5850 0.0000 3.0010 2.6750 0.3940 6.3770 4.1600 6.9790 4.9560 5.7150 
1.5680 3.0010 0.0000 4.4810 2.9070 7.2850 1.5710 4.3760 5.2620 5.7730 
4.8700 2.6750 4.4810 0.0000 3.0680 8.9460 6.0040 8.8530 7.6290 8.3900 
2.3020 0.3940 2.9070 3.0680 0.0000 6.0150 3.9490 6.7310 4.5650 5.3220 
5.7180 6.3770 7.2850 8.9460 6.0150 0.0000 6.8390 7.8760 2.1490 2.1160 
1.7720 4.1600 1.5710 6.0040 3.9490 6.8390 0.0000 2.8700 4.7000 5.0240 
4.4400 6.9790 4.3760 8.8530 6.7310 7.8760 2.8700 0.0000 5.8500 5.7720 
3.7160 4.9560 5.2620 7.6290 4.5650 2.1490 4.7000 5.8500 0.0000 0.7990 
4.2720 5.7150 5.7730 8.3900 5.3220 2.1160 5.0240 5.7720 0.7990 0.0000 
525.6200 510.1170 806.9260 115.9290 438.1940 
747.3800 929.9700 1222.7050 122.8900 577.6790 
1 0 0 1 0 1 0 0 1 0 
0 0 0 0 1 0 0 0 0 0 
0 1 1 0 0 1 0 1 0 0 
1 1 1 1 1 1 1 0 0 0 
1 1 0 0 0 1 1 1 0 1 
