10
10
2830
1.000000
0.100000
228.206318
0.0000 9.1700 9.2090 9.5810 8.1200 1.6100 8.6140 9.2910 11.6510 11.9240 
9.1700 0.0000 4.2450 2.0120 2.5920 7.6170 1.5850 4.9960 3.3490 3.3040 
9.2090 4.2450 0.0000 6.2460 6.3620 8.0550 5.5790 8.9840 7.3660 7.1370 
9.5810 2.0120 6.2460 0.0000 1.5690 7.9720 1.0440 3.1820 2.0720 2.3750 
8.1200 2.5920 6.3620 1.5690 0.0000 6.5110 1.0320 2.6330 3.5750 3.9320 
1.6100 7.6170 8.0550 7.9720 6.5110 0.0000 7.0100 7.7710 10.0420 10.3190 
8.6140 1.5850 5.5790 1.0440 1.0320 7.0100 0.0000 3.4530 3.0790 3.3110 
9.2910 4.9960 8.9840 3.1820 2.6330 7.7710 3.4530 0.0000 4.1520 4.7110 
11.6510 3.3490 7.3660 2.0720 3.5750 10.0420 3.0790 4.1520 0.0000 0.5800 
11.9240 3.3040 7.1370 2.3750 3.9320 10.3190 3.3110 4.7110 0.5800 0.0000 
497.6080 832.8240 953.0920 994.1710 210.1730 191.4690 3.6850 242.9690 938.8460 795.1050 
765.2450 1217.1010 1231.1710 1303.0460 345.5830 522.4730 416.1800 365.5240 1209.9210 1221.2740 
0 1 1 1 1 1 1 1 1 1 
1 1 0 1 0 0 1 0 1 1 
1 0 1 1 1 1 1 1 1 1 
0 1 1 1 1 1 1 0 1 1 
1 1 1 1 0 1 0 0 0 1 
0 0 0 1 1 1 0 0 1 1 
0 0 1 1 0 0 0 0 0 1 
0 0 0 1 0 1 1 1 1 1 
1 1 1 1 1 1 1 1 1 1 
1 0 1 0 1 1 1 0 0 1 
