10
15
1987
1.000000
0.100000
190.340249
0.0000 10.3880 6.4080 7.2520 1.5430 5.3140 6.4000 2.6290 7.5410 0.5510 
10.3880 0.0000 4.6980 6.5470 10.2000 7.4820 4.0530 7.8850 4.6410 10.6010 
6.4080 4.6980 0.0000 2.6320 5.8220 2.8290 2.5140 4.4410 5.0540 6.4670 
7.2520 6.5470 2.6320 0.0000 6.1520 2.0060 5.1430 6.0950 7.6860 7.1070 
1.5430 10.2000 5.8220 6.1520 0.0000 4.1510 6.4180 3.1430 8.0210 1.1190 
5.3140 7.4820 2.8290 2.0060 4.1510 0.0000 4.9090 4.5500 7.3630 5.1320 
6.4000 4.0530 2.5140 5.1430 6.4180 4.9090 0.0000 3.8430 2.5470 6.6630 
2.6290 7.8850 4.4410 6.0950 3.1430 4.5500 3.8430 0.0000 4.9560 2.9910 
7.5410 4.6410 5.0540 7.6860 8.0210 7.3630 2.5470 4.9560 0.0000 7.9420 
0.5510 10.6010 6.4670 7.1070 1.1190 5.1320 6.6630 2.9910 7.9420 0.0000 
597.9060 878.0260 121.5610 274.2230 785.0330 551.1820 162.3800 940.9750 975.5210 57.7230 545.1310 583.1240 918.9300 44.9700 510.0850 
1097.6160 1298.5720 327.0230 684.6840 1237.6620 565.7790 407.3220 1400.0070 1133.4630 171.8890 886.6590 684.4810 1396.7600 497.3750 985.4040 
0 0 1 0 0 0 0 1 1 1 
1 0 1 0 1 0 0 0 1 1 
0 0 1 1 1 1 0 1 1 0 
1 1 0 0 1 1 0 0 0 1 
1 1 0 0 0 1 1 1 0 0 
1 1 1 0 1 1 1 1 1 1 
0 0 1 0 0 0 1 0 0 1 
0 1 0 1 0 0 1 0 0 0 
1 0 1 0 1 1 1 1 1 0 
1 0 1 0 1 1 1 0 0 0 
1 0 1 0 1 0 0 0 1 1 
1 1 0 1 1 1 1 0 0 1 
0 0 0 1 1 1 1 1 1 0 
0 0 1 0 1 0 1 1 0 0 
1 1 1 1 0 1 1 1 1 1 
