10
15
3377
1.000000
0.100000
187.531425
0.0000 7.6960 5.7700 6.6180 4.3910 5.6010 7.7860 7.3790 5.3650 6.9460 
7.6960 0.0000 6.4010 6.1750 3.3730 4.2050 7.3570 8.4830 7.5480 0.8100 
5.7700 6.4010 0.0000 0.9560 5.3050 7.8100 2.0330 2.2570 1.3600 5.6860 
6.6180 6.1750 0.9560 0.0000 5.6120 8.1060 1.4100 2.3180 2.2040 5.5290 
4.3910 3.3730 5.3050 5.6120 0.0000 2.5070 7.0200 7.5550 5.9610 2.6990 
5.6010 4.2050 7.8100 8.1060 2.5070 0.0000 9.5100 10.0580 8.4120 3.9490 
7.7860 7.3570 2.0330 1.4100 7.0200 9.5100 0.0000 1.5990 2.7290 6.7700 
7.3790 8.4830 2.2570 2.3180 7.5550 10.0580 1.5990 0.0000 2.0150 7.8170 
5.3650 7.5480 1.3600 2.2040 5.9610 8.4120 2.7290 2.0150 0.0000 6.7950 
6.9460 0.8100 5.6860 5.5290 2.6990 3.9490 6.7700 7.8170 6.7950 0.0000 
569.9690 4.6540 952.9480 357.8100 60.1060 978.2610 469.4340 917.5280 291.0370 342.4210 551.9500 382.8780 359.3440 77.2830 437.0240 
996.4240 20.7140 1040.9910 830.5210 208.9890 1171.6750 705.4360 979.4510 297.2040 674.1810 563.2290 712.5040 752.0150 386.2230 485.9000 
1 0 0 1 1 1 0 1 1 1 
0 1 0 0 1 0 0 1 1 0 
1 1 1 1 1 1 1 0 0 1 
1 0 0 1 1 1 0 1 1 0 
0 0 0 1 0 1 1 1 0 0 
1 1 0 1 1 1 1 0 1 1 
0 1 0 0 1 1 1 0 1 0 
0 0 0 1 0 1 1 1 1 1 
1 1 1 1 1 1 1 1 1 1 
1 0 0 1 0 1 0 0 0 1 
1 1 0 1 1 1 0 1 1 0 
1 1 0 0 0 1 1 0 1 1 
1 0 1 1 1 1 1 0 0 1 
0 0 1 0 0 0 1 0 1 0 
1 1 1 1 1 1 1 1 1 1 
