10
10
1387
1.000000
0.100000
57.830273
0.0000 2.4930 5.8990 3.3640 2.2950 7.8140 0.9320 5.5420 0.6260 5.3470 
2.4930 0.0000 6.5000 2.3730 2.4490 6.1800 3.4240 4.1020 2.9050 5.2680 
5.8990 6.5000 0.0000 4.4000 4.1070 6.1220 5.8980 4.7650 5.3890 1.8190 
3.3640 2.3730 4.4000 0.0000 1.3360 4.4580 4.0580 2.1810 3.3260 2.9510 
2.2950 2.4490 4.1070 1.3360 0.0000 5.7050 2.8360 3.4340 2.1040 3.1580 
7.8140 6.1800 6.1220 4.4580 5.7050 0.0000 8.5100 2.2790 7.7760 4.4200 
0.9320 3.4240 5.8980 4.0580 2.8360 8.5100 0.0000 6.2310 0.7340 5.6320 
5.5420 4.1020 4.7650 2.1810 3.4340 2.2790 6.2310 0.0000 5.4970 2.9480 
0.6260 2.9050 5.3890 3.3260 2.1040 7.7760 0.7340 5.4970 0.0000 4.9800 
5.3470 5.2680 1.8190 2.9510 3.1580 4.4200 5.6320 2.9480 4.9800 0.0000 
700.2750 749.5180 325.6070 881.3200 108.9050 348.7010 715.1380 831.7890 66.9430 816.2730 
977.0110 1120.3920 652.3630 1278.5380 574.9300 532.3480 1078.4730 1150.8820 310.2260 1179.8410 
0 0 1 1 1 0 1 1 1 1 
1 1 0 1 1 1 1 1 0 1 
1 1 1 0 0 1 1 1 1 1 
1 0 1 0 1 1 1 1 1 1 
1 0 0 0 0 0 1 1 1 0 
1 0 0 0 0 1 1 1 0 1 
1 1 1 1 1 1 1 1 0 1 
1 0 1 1 1 0 1 1 1 1 
1 1 0 0 0 1 0 0 0 0 
1 1 1 1 1 0 1 1 1 1 
