10
10
1228
1.000000
0.100000
37.810650
0.0000 6.9950 2.6860 0.7570 5.4950 4.5870 3.4470 8.0350 8.5130 4.7750 
6.9950 0.0000 6.5960 6.2630 1.6030 2.6020 4.0970 8.2000 8.7510 3.0840 
2.6860 6.5960 0.0000 2.3490 5.0000 4.0080 2.5090 5.3620 5.8300 5.5480 
0.7570 6.2630 2.3490 0.0000 4.7480 3.8320 2.7040 7.5850 8.0860 4.1830 
5.4950 1.6030 5.0000 4.7480 0.0000 1.0000 2.4960 7.1590 7.7280 2.4620 
4.5870 2.6020 4.0080 3.8320 1.0000 0.0000 1.5000 6.6370 7.2100 2.5370 
3.4470 4.0970 2.5090 2.7040 2.4960 1.5000 0.0000 5.9180 6.4800 3.4040 
8.0350 8.2000 5.3620 7.5850 7.1590 6.6370 5.9180 0.0000 0.5730 9.1330 
8.5130 8.7510 5.8300 8.0860 7.7280 7.2100 6.4800 0.5730 0.0000 9.7060 
4.7750 3.0840 5.5480 4.1830 2.4620 2.5370 3.4040 9.1330 9.7060 0.0000 
122.8380 860.3300 291.1930 910.8580 74.7780 692.3760 435.9300 680.9020 808.3750 33.0510 
622.6530 900.2610 581.5530 987.2280 254.8650 875.7130 636.8050 778.6760 847.1260 404.7070 
1 1 0 1 1 0 1 0 0 0 
1 1 1 0 1 1 1 1 1 1 
1 1 1 1 0 0 0 1 1 1 
1 1 0 1 0 0 1 1 1 1 
1 0 0 1 0 0 0 0 0 0 
1 1 1 1 0 0 1 1 0 1 
0 0 1 1 1 1 1 1 0 1 
1 1 1 1 1 0 1 1 1 0 
1 1 1 1 1 1 1 1 0 1 
0 0 1 1 0 0 1 0 0 0 
