10
15
3271
1.000000
0.100000
51.586727
0.0000 6.4270 6.3570 6.6610 3.0080 3.5600 2.5870 4.9970 4.4440 6.7360 
6.4270 0.0000 2.9750 5.1470 9.3010 5.9720 8.5180 7.2010 4.6810 2.6730 
6.3570 2.9750 0.0000 7.7640 8.6730 7.4630 7.6630 8.9820 2.6480 5.5640 
6.6610 5.1470 7.7640 0.0000 9.4640 3.5370 9.2440 3.4820 8.2000 2.6710 
3.0080 9.3010 8.6730 9.4640 0.0000 6.0570 1.1300 7.1210 6.2480 9.7420 
3.5600 5.9720 7.4630 3.5370 6.0570 0.0000 6.0170 1.6350 6.6990 4.8000 
2.5870 8.5180 7.6630 9.2440 1.1300 6.0170 0.0000 7.2760 5.1750 9.2200 
4.9970 7.2010 8.9820 3.4820 7.1210 1.6350 7.2760 0.0000 8.3310 5.5250 
4.4440 4.6810 2.6480 8.2000 6.2480 6.6990 5.1750 8.3310 0.0000 6.6840 
6.7360 2.6730 5.5640 2.6710 9.7420 4.8000 9.2200 5.5250 6.6840 0.0000 
651.8310 956.1620 139.7170 372.5840 421.2820 664.6840 394.9510 444.9090 736.1220 226.7990 34.0950 364.1080 701.8370 207.3030 225.1420 
727.0540 1403.7560 384.4970 843.4410 758.2330 700.5230 594.4930 452.1340 1018.2780 669.9040 304.2880 735.0770 883.7900 526.5750 303.3150 
0 1 1 1 1 1 1 1 1 1 
0 1 0 1 1 1 0 1 1 1 
1 0 1 0 0 0 0 0 0 1 
1 1 1 1 1 1 1 0 0 0 
0 1 0 1 0 1 1 0 1 1 
1 0 1 1 1 1 1 0 1 1 
1 0 1 1 1 1 1 0 1 0 
1 1 1 1 1 1 1 1 1 1 
0 1 1 1 1 1 1 1 0 1 
0 0 0 0 1 0 0 1 0 0 
0 0 0 0 1 0 1 1 1 1 
1 0 0 0 0 0 0 0 1 1 
0 1 1 1 0 1 1 1 1 0 
1 0 0 0 1 1 0 0 1 1 
1 1 1 0 1 0 1 1 1 1 
