10
15
3174
1.000000
0.100000
263.369110
0.0000 5.2230 6.4830 6.5770 3.8810 3.9400 8.8060 3.9100 7.3390 7.3230 
5.2230 0.0000 6.5200 1.6490 4.4960 3.2860 6.2040 3.4510 5.3700 4.8110 
6.4830 6.5200 0.0000 6.2810 9.2170 8.4460 3.7880 3.3910 2.5120 3.1810 
6.5770 1.6490 6.2810 0.0000 6.1370 4.9200 5.0510 3.8720 4.5620 3.8700 
3.8810 4.4960 9.2170 6.1370 0.0000 1.2230 10.2660 5.8920 9.0900 8.7460 
3.9400 3.2860 8.4460 4.9200 1.2230 0.0000 9.1860 5.0620 8.0800 7.6840 
8.8060 6.2040 3.7880 5.0510 10.2660 9.1860 0.0000 4.9020 1.5300 1.5370 
3.9100 3.4510 3.3910 3.8720 5.8920 5.0620 4.9020 0.0000 3.4690 3.4130 
7.3390 5.3700 2.5120 4.5620 9.0900 8.0800 1.5300 3.4690 0.0000 0.7690 
7.3230 4.8110 3.1810 3.8700 8.7460 7.6840 1.5370 3.4130 0.7690 0.0000 
148.5910 372.7960 203.5350 779.0940 687.1190 655.8970 251.8840 220.3000 360.1830 0.3310 376.0030 514.5330 785.3090 491.4730 499.4310 
589.7180 543.3430 261.7530 915.8770 999.2730 969.7390 346.1500 464.9850 788.8500 182.1680 724.5540 525.2980 1119.9970 977.9260 983.3530 
0 1 1 0 0 0 0 1 1 1 
1 1 1 1 1 0 0 1 1 0 
1 0 1 1 1 1 1 1 0 1 
0 1 1 1 1 1 1 0 0 1 
0 1 1 0 1 1 0 1 1 0 
0 0 1 1 1 1 0 1 1 1 
1 1 1 1 0 0 0 1 1 1 
0 0 0 1 0 0 1 1 0 0 
1 0 0 1 0 0 1 0 0 0 
1 0 1 0 0 0 0 1 0 0 
1 1 0 1 1 1 0 1 1 1 
1 1 1 1 1 0 1 1 0 1 
1 0 0 0 1 1 1 0 1 1 
1 1 0 1 0 1 0 1 1 1 
0 1 1 1 0 0 0 0 0 1 
