10
3
594
1.000000
0.100000
76.080592
0.0000 3.9210 7.0860 7.0350 7.1250 7.2530 4.1570 7.3230 6.7750 4.5100 
3.9210 0.0000 9.7140 3.2450 9.3010 8.6670 4.1470 8.3640 2.9510 6.2300 
7.0860 9.7140 0.0000 11.6540 1.2150 2.9820 6.1310 3.7640 11.5500 3.6310 
7.0350 3.2450 11.6540 0.0000 10.9600 9.8600 5.5270 9.3270 0.3250 8.0240 
7.1250 9.3010 1.2150 10.9600 0.0000 1.7780 5.4520 2.5690 10.8840 3.0720 
7.2530 8.6670 2.9820 9.8600 1.7780 0.0000 4.5610 0.7990 9.8280 2.7510 
4.1570 4.1470 6.1310 5.5270 5.4520 4.5610 0.0000 4.2180 5.4370 2.5080 
7.3230 8.3640 3.7640 9.3270 2.5690 0.7990 4.2180 0.0000 9.3160 2.8410 
6.7750 2.9510 11.5500 0.3250 10.8840 9.8280 5.4370 9.3160 0.0000 7.9190 
4.5100 6.2300 3.6310 8.0240 3.0720 2.7510 2.5080 2.8410 7.9190 0.0000 
190.6400 265.1980 335.4980 
591.6890 337.2410 367.3550 
0 0 1 0 0 1 0 0 0 1 
1 1 1 0 1 1 0 0 0 1 
1 1 1 1 1 1 1 0 1 1 
