10
5
904
1.000000
0.100000
42.805487
0.0000 4.4170 6.0180 4.4320 1.2280 6.1880 7.2200 6.7990 4.2410 1.4390 
4.4170 0.0000 4.8870 4.3430 3.7790 3.7140 2.8330 7.0420 3.9220 5.4380 
6.0180 4.8870 0.0000 8.7090 6.4420 8.6010 6.4360 2.4800 1.7780 7.4560 
4.4320 4.3430 8.7090 0.0000 3.2180 2.6890 5.8970 10.3500 7.2170 4.1710 
1.2280 3.7790 6.4420 3.2180 0.0000 5.0140 6.4540 7.5860 4.7180 1.6750 
6.1880 3.7140 8.6010 2.6890 5.0140 0.0000 3.8550 10.6960 7.5150 6.4180 
7.2200 2.8330 6.4360 5.8970 6.4540 3.8550 0.0000 8.8780 6.1320 8.1290 
6.7990 7.0420 2.4800 10.3500 7.5860 10.6960 8.8780 0.0000 3.1980 8.1390 
4.2410 3.9220 1.7780 7.2170 4.7180 7.5150 6.1320 3.1980 0.0000 5.6780 
1.4390 5.4380 7.4560 4.1710 1.6750 6.4180 8.1290 8.1390 5.6780 0.0000 
3.8680 569.3030 101.5680 25.7940 504.4350 
387.1500 1007.6360 386.7150 227.0710 570.3240 
0 1 0 0 0 0 0 0 0 0 
1 0 1 0 0 0 0 1 0 0 
1 0 1 0 0 0 0 0 0 0 
0 0 0 0 0 1 0 1 0 0 
1 0 0 1 1 0 1 1 1 0 
