10
5
1486
1.000000
0.100000
19.156622
0.0000 6.6770 8.1080 6.7810 3.1690 2.2250 4.6670 7.2950 5.9150 2.7410 
6.6770 0.0000 9.0220 1.2530 9.4300 8.3130 9.9360 2.5300 0.8290 6.7010 
8.1080 9.0220 0.0000 7.9550 7.6080 7.1330 5.9730 7.0620 8.9390 10.6250 
6.7810 1.2530 7.9550 0.0000 9.2520 8.1410 9.4900 1.2840 1.7330 7.2840 
3.1690 9.4300 7.6080 9.2520 0.0000 1.1170 2.1370 9.4370 8.7460 5.5040 
2.2250 8.3130 7.1330 8.1410 1.1170 0.0000 2.5050 8.3540 7.6340 4.7990 
4.6670 9.9360 5.9730 9.4900 2.1370 2.5050 0.0000 9.3830 9.3720 7.3030 
7.2950 2.5300 7.0620 1.2840 9.4370 8.3540 9.3830 0.0000 2.9810 8.1810 
5.9150 0.8290 8.9390 1.7330 8.7460 7.6340 9.3720 2.9810 0.0000 5.8730 
2.7410 6.7010 10.6250 7.2840 5.5040 4.7990 7.3030 8.1810 5.8730 0.0000 
452.6640 509.8470 682.5590 785.0680 541.5310 
660.2860 743.7340 826.4580 1113.9670 629.8680 
0 1 0 0 0 0 0 0 0 0 
0 0 0 0 0 0 0 1 0 0 
1 1 0 1 0 1 1 1 1 1 
0 0 1 0 1 0 0 0 0 0 
1 1 1 1 1 0 1 1 1 1 
