10
5
1020
1.000000
0.100000
28.351775
0.0000 6.6850 4.7210 7.1780 7.0480 1.8620 1.5230 4.8530 7.6650 3.6500 
6.6850 0.0000 5.2680 7.3430 8.6130 7.9780 6.9470 6.3840 9.9270 4.5050 
4.7210 5.2680 0.0000 2.7540 3.4890 4.6670 3.7300 8.1430 4.7170 1.3870 
7.1780 7.3430 2.7540 0.0000 1.7110 6.5990 5.9030 10.8960 3.0480 4.1410 
7.0480 8.6130 3.4890 1.7110 0.0000 6.0480 5.5990 11.2940 1.3800 4.7520 
1.8620 7.9780 4.6670 6.5990 6.0480 0.0000 1.0670 6.6790 6.3840 4.0720 
1.5230 6.9470 3.7300 5.9030 5.5990 1.0670 0.0000 6.2960 6.1530 3.0220 
4.8530 6.3840 8.1430 10.8960 11.2940 6.6790 6.2960 0.0000 12.1710 6.7570 
7.6650 9.9270 4.7170 3.0480 1.3800 6.3840 6.1530 12.1710 0.0000 5.8770 
3.6500 4.5050 1.3870 4.1410 4.7520 4.0720 3.0220 6.7570 5.8770 0.0000 
921.5750 171.6290 642.5830 63.9220 238.5960 
942.5180 315.1560 1049.5910 245.3940 304.6340 
1 1 1 1 1 1 0 1 1 1 
1 0 0 1 0 0 1 1 0 1 
0 1 1 1 1 0 0 1 0 1 
0 0 0 1 0 0 0 0 0 0 
1 0 1 1 1 0 1 1 1 0 
